['0 0 0 0 0 0 0 0 0 0', '1 0 1 0 1 0 0 0 0 0', '1 0 3 0 1 1 0 0 0 1', '1 1 1 0 1 2 0 0 0 9', '1 1 4 0 1 1 0 0 1 1', '1 1 4 1 1 1 2 1 1 1', '1 1 5 1 1 1 1 2 1 1', '1 1 6 1 1 1 1 1 2 1', '1 1 1 1 1 1 1 1 1 5', '1 1 7 1 1 1 1 1 1 1']
#1 12
['0 0 0 0 0 0 0 0 0', '0 0 0 0 0 0 0 0 0', '0 1 0 0 0 0 0 0 0', '0 1 0 0 0 0 0 0 0', '1 1 0 0 1 0 0 0 0', '1 1 0 1 1 1 0 1 0', '1 1 0 1 1 1 0 1 0', '1 1 1 1 1 1 1 1 0', '1 1 3 1 6 1 1 1 1', '1 1 1 1 1 1 1 1 1']
#2 27
['1 1 0 0 0 0', '1 1 0 0 1 0', '1 1 0 0 4 0', '4 1 0 0 1 0', '1 5 1 0 1 6', '1 2 8 1 1 6', '1 1 1 9 2 1']
#3 4
['0 0 0 0 ', '0 0 0 0 ', '0 0 0 0 ', '1 0 0 0 ', '1 0 0 0 ', '1 0 0 0 ', '1 0 0 0 ', '1 0 5 0 ', '1 1 1 0 ', '1 1 1 9 ', '1 1 1 1 ', '1 6 1 2 ', '1 1 1 5 ', '1 1 1 1 ', '2 1 1 2 ']
#4 8
['9 9 9 9 9 9 9 9 9 9 9 9', '9 9 9 9 9 9 9 9 9 9 9 9', '9 9 9 9 9 9 9 9 9 9 9 9', '9 9 9 9 9 9 9 9 9 9 9 9', '9 9 9 9 9 9 9 9 9 9 9 9', '9 9 9 9 9 9 9 9 9 9 9 9', '9 9 9 9 9 9 9 9 9 9 9 9', '9 9 9 9 9 9 9 9 9 9 9 9', '9 9 9 9 9 9 9 9 9 9 9 9', '9 9 9 9 9 9 9 9 9 9 9 9', '9 9 9 9 9 9 9 9 9 9 9 9', '9 9 9 9 9 9 9 9 9 9 9 9', '9 9 9 9 9 9 9 9 9 9 9 9', '9 9 9 9 9 9 9 9 9 9 9 9', '9 9 9 9 9 9 9 9 9 9 9 9']
#5 0
